1 1.39598
2 2.79026
3 4.18114
4 5.56692
5 6.94593
6 8.31647
7 9.67688
8 11.0255
9 12.3607
10 13.6808
11 14.9843
12 16.2695
13 17.5348
14 18.7789
15 20
16 21.1968
17 22.3677
18 23.5114
19 24.6265
20 25.7115
21 26.7652
22 27.7863
23 28.7736
24 29.7258
25 30.6418
26 31.5204
27 32.3607
28 33.1615
29 33.9219
30 34.641
31 35.3179
32 35.9518
33 36.5418
34 37.0873
35 37.5877
36 38.0423
37 38.4505
38 38.8118
39 39.1259
40 39.3923
41 39.6107
42 39.7809
43 39.9026
44 39.9756
45 40
46 39.9756
47 39.9026
48 39.7809
49 39.6107
50 39.3923
51 39.1259
52 38.8118
53 38.4505
54 38.0423
55 37.5877
56 37.0874
57 36.5418
58 35.9518
59 35.3179
60 34.641
61 33.9219
62 33.1615
63 32.3607
64 31.5204
65 30.6418
66 29.7258
67 28.7736
68 27.7863
69 26.7652
70 25.7115
71 24.6265
72 23.5114
73 22.3677
74 21.1968
75 20
76 18.7789
77 17.5349
78 16.2695
79 14.9843
80 13.6808
81 12.3607
82 11.0255
83 9.6769
84 8.31648
85 6.94596
86 5.56695
87 4.18116
88 2.79029
89 1.39601
90 2.51133e-05
